0 0
0 1
1 1
1 2
1 3
1 4
1 5
1 6
1 7
2 7
2 8
2 9
2 10
2 11
2 12
2 13
2 14
2 15
2 16
2 17
2 18
2 19
1 19
1 20
1 21
1 22
1 23
1 24
2 24
3 24
4 24
4 25
4 26
4 27
4 28
4 29
4 30
5 30
5 31
6 31
6 32
6 33
6 34
6 35
6 36
6 37
6 38
7 38
8 38
8 39
9 39
9 40
10 40
10 41
10 42
11 42
11 43
11 44
11 45
12 45
12 46
12 47
12 48
12 49
12 50
12 51
12 52
12 53
12 54
12 55
12 56
12 57
12 58
12 59
12 60
12 61
12 62
12 63
12 64
12 65
12 66
12 67
12 68
12 69
12 70
12 71
12 72
11 72
10 72
10 73
10 74
10 75
10 76
10 77
10 78
10 79
10 80
10 81
9 81
8 81
8 82
8 83
8 84
8 85
7 85
7 86
7 87
7 86
7 85
8 85
8 84
8 83
8 82
8 81
9 81
10 81
10 80
10 79
10 78
10 77
10 76
10 75
10 74
10 73
10 72
10 71
10 70
10 69
10 68
10 67
10 66
10 65
10 64
11 64
11 63
11 62
12 62
12 61
12 60
12 59
12 58
12 57
12 56
12 55
12 54
12 53
12 52
12 51
12 50
12 49
12 48
12 47
12 46
11 46
11 45
11 44
11 43
11 42
10 42
10 41
10 40
9 40
9 39
8 39
8 38
7 38
6 38
6 37
6 36
6 35
6 34
6 33
6 32
7 32
7 31
7 30
7 29
7 28
7 27
7 26
7 25
7 24
7 23
7 22
7 21
7 20
7 19
8 19
8 18
8 17
8 16
8 15
8 14
8 13
8 12
8 11
8 10
8 9
8 8
8 7
8 6
9 6
10 6
10 5
11 5
12 5
13 5
14 5
15 5
16 5
17 5
18 5
19 5
20 5
21 5
22 5
22 6
23 6
24 6
25 6
26 6
27 6
28 6
29 6
29 7
29 8
30 8
31 8
32 8
33 8
34 8
35 8
36 8
37 8
38 8
39 8
40 8
41 8
42 8
43 8
43 7
44 7
45 7
46 7
47 7
48 7
49 7
50 7
51 7
52 7
52 6
52 5
53 5
54 5
54 4
54 3
54 2
55 2
56 2
57 2
58 2
59 2
60 2
61 2
62 2
63 2
64 2
64 3
65 3
66 3
67 3
68 3
69 3
69 4
69 5
70 5
71 5
71 6
71 7
71 8
72 8
73 8
74 8
75 8
76 8
77 8
78 8
78 9
79 9
80 9
80 8
81 8
82 8
83 8
84 8
85 8
86 8
86 9
86 10
86 11
86 12
86 13
86 14
86 15
86 16
86 17
86 18
86 19
86 20
86 21
86 22
86 23
86 24
86 25
86 26
86 27
86 28
86 29
86 30
86 31
86 32
87 32
87 33
87 34
88 34
88 35
88 36
89 36
89 37
89 38
89 39
89 40
90 40
90 41
90 42
90 43
90 44
90 45
90 46
90 47
90 48
89 48
88 48
88 49
88 50
87 50
86 50
85 50
84 50
83 50
83 51
82 51
81 51
80 51
79 51
78 51
77 51
77 52
76 52
75 52
74 52
492

