C:\Users\pplev\PycharmProjects\UI_zadanie2\venv\Scripts\python.exe C:/Users/pplev/PycharmProjects/UI_zadanie2/main.py
pocet navstivenych: 14477
pocet spracovanych: 25446
cas vykonania algoritmu: 0.398327112197876
[0, 1, 2]
[3, 4, 5]
[6, 7, 8]
right
[1, 0, 2]
[3, 4, 5]
[6, 7, 8]
right
[1, 2, 0]
[3, 4, 5]
[6, 7, 8]
down
[1, 2, 5]
[3, 4, 0]
[6, 7, 8]
left
[1, 2, 5]
[3, 0, 4]
[6, 7, 8]
left
[1, 2, 5]
[0, 3, 4]
[6, 7, 8]
up
[0, 2, 5]
[1, 3, 4]
[6, 7, 8]
right
[2, 0, 5]
[1, 3, 4]
[6, 7, 8]
right
[2, 5, 0]
[1, 3, 4]
[6, 7, 8]
down
[2, 5, 4]
[1, 3, 0]
[6, 7, 8]
down
[2, 5, 4]
[1, 3, 8]
[6, 7, 0]
left
[2, 5, 4]
[1, 3, 8]
[6, 0, 7]
left
[2, 5, 4]
[1, 3, 8]
[0, 6, 7]
up
[2, 5, 4]
[0, 3, 8]
[1, 6, 7]
right
[2, 5, 4]
[3, 0, 8]
[1, 6, 7]
down
[2, 5, 4]
[3, 6, 8]
[1, 0, 7]
left
[2, 5, 4]
[3, 6, 8]
[0, 1, 7]
up
[2, 5, 4]
[0, 6, 8]
[3, 1, 7]
up
[0, 5, 4]
[2, 6, 8]
[3, 1, 7]
right
[5, 0, 4]
[2, 6, 8]
[3, 1, 7]
down
[5, 6, 4]
[2, 0, 8]
[3, 1, 7]
right
[5, 6, 4]
[2, 8, 0]
[3, 1, 7]
up
[5, 6, 0]
[2, 8, 4]
[3, 1, 7]
left
[5, 0, 6]
[2, 8, 4]
[3, 1, 7]
down
[5, 8, 6]
[2, 0, 4]
[3, 1, 7]
right
[5, 8, 6]
[2, 4, 0]
[3, 1, 7]
down
[5, 8, 6]
[2, 4, 7]
[3, 1, 0]
left
[5, 8, 6]
[2, 4, 7]
[3, 0, 1]
left
[5, 8, 6]
[2, 4, 7]
[0, 3, 1]
up
[5, 8, 6]
[0, 4, 7]
[2, 3, 1]
up
[0, 8, 6]
[5, 4, 7]
[2, 3, 1]
right
[8, 0, 6]
[5, 4, 7]
[2, 3, 1]

Process finished with exit code 0
