0 0 0 l3 0 l1 0 l4 0 0 0 0 0 0 l4 
0 l1 0 l3 0 0 0 0 0 l2 0 l4 0 0 0 
0 0 0 l4 0 0 l4 0 0 l1 0 0 0 l3 l2 
0 0 0 0 0 l1 0 0 0 0 0 l1 l1 l3 l2 
0 0 l1 0 0 0 0 0 l2 0 0 0 l2 0 l1 
l2 0 0 0 0 0 0 0 0 0 l3 0 0 0 0 
0 l1 0 0 l4 0 0 l4 l2 X l2 0 0 0 0 
0 0 0 l4 0 l1 0 0 l4 0 0 0 0 0 0 
l1 0 0 l2 l1 0 0 0 l1 0 l1 0 l4 0 l1 
l2 0 0 0 0 0 l1 0 0 0 l3 0 0 0 0 
0 0 l3 l5 0 0 0 0 0 0 0 l1 0 0 l1 
0 l5 l1 0 l1 0 0 l1 0 0 0 0 0 0 0 
0 l5 0 0 l2 0 0 0 0 0 0 0 0 l2 0 
l1 0 l4 0 0 0 l1 l1 l3 0 0 l1 0 l3 0 
0 0 0 0 0 l2 0 0 0 0 0 l2 0 l5 0 
