0 0 0 0 0 0 0 0 l2 X 0 0 0 X 0 0 
0 0 0 0 0 0 0 0 l3 0 X 0 0 0 0 0 
0 0 X 0 l1 0 0 X 0 0 0 X 0 0 0 0 
0 0 0 0 0 l4 0 X 0 0 0 0 0 0 X 0 
0 X 0 0 0 0 0 0 0 X 0 0 0 0 0 0 
0 0 0 X 0 0 X 0 0 0 0 0 0 0 0 0 
0 X 0 0 0 0 X l1 X 0 l4 0 0 0 0 0 
0 0 0 0 0 0 X 0 0 0 0 0 0 0 0 0 
0 0 X 0 X 0 0 0 X 0 0 0 X 0 l2 0 
0 X 0 0 0 0 0 0 0 0 0 0 0 0 0 X 
X 0 0 0 0 0 0 0 0 0 0 0 X 0 0 0 
X 0 X X l3 0 0 0 0 0 0 0 X 0 X 0 
X X 0 0 0 0 0 l3 0 0 0 0 X 0 l3 0 
0 0 0 l2 0 0 0 0 0 0 0 0 l2 0 X 0 
0 0 0 0 0 0 0 0 0 0 0 0 0 0 0 X 
X 0 0 0 0 l1 0 0 0 l2 0 0 X X 0 0 
