X 0 0 0 X X 0 l1 0 0 0 0 l1 0 0 0 
0 0 0 l1 0 0 l2 0 0 0 0 0 0 0 0 l1 
0 0 X 0 0 0 0 0 0 0 0 l2 0 0 0 0 
l2 l2 0 X l2 0 0 0 0 0 0 0 l3 l1 X 0 
0 X l1 0 l1 0 0 0 0 0 0 0 0 0 0 0 
l2 0 0 0 0 0 0 0 0 0 0 0 0 0 l2 0 
0 0 0 0 0 0 0 0 0 0 l3 0 0 0 l1 0 
0 0 X 0 0 l2 0 0 0 l1 0 0 0 0 X 0 
0 l1 0 X 0 0 0 0 X 0 0 0 0 0 0 X 
0 0 0 0 l1 0 0 0 0 0 0 X l1 0 0 0 
l2 l1 X 0 0 0 0 0 X X l1 0 0 0 0 0 
0 0 l2 l2 X 0 l1 0 0 X 0 0 l1 X 0 0 
0 0 l1 0 0 0 0 0 0 l5 0 0 0 l2 X l2 
0 0 0 0 0 0 l1 0 0 l1 0 0 0 0 0 0 
l1 0 0 0 0 0 l1 0 l2 0 0 0 0 0 0 0 
0 X l2 0 l1 l1 0 0 0 0 l2 l2 X 0 X 0 
