----------------------------------------------------------------------------------------------------
Aktuálna maximálna hĺbka: 1
----------------------------------------------------------------------------------------------------
Aktuálna maximálna hĺbka: 2
----------------------------------------------------------------------------------------------------
Aktuálna maximálna hĺbka: 3
----------------------------------------------------------------------------------------------------
Aktuálna maximálna hĺbka: 4
----------------------------------------------------------------------------------------------------
Aktuálna maximálna hĺbka: 5
----------------------------------------------------------------------------------------------------
Aktuálna maximálna hĺbka: 6
----------------------------------------------------------------------------------------------------
Aktuálna maximálna hĺbka: 7
----------------------------------------------------------------------------------------------------
Aktuálna maximálna hĺbka: 8

Bolo nájdené riešenie:

1 1 0 0 0 1 
1 0 0 1 0 1 
1 1 1 1 0 1 
1 0 0 1 0 0 
1 0 0 0 1 1 
1 0 1 1 1 0 

x: 2 y: 2
x: 5 y: 0
x: 3 y: 1
x: 1 y: 0
x: 0 y: 3
x: 0 y: 4
x: 4 y: 4
x: 4 y: 5

0 0 0 1 1 1 
1 0 0 1 0 1 
1 1 1 1 0 1 
1 0 0 1 0 0 
1 0 0 0 1 1 
1 0 1 1 1 0 

x: 2 y: 2
x: 5 y: 0
x: 3 y: 1
x: 4 y: 0
x: 0 y: 3
x: 0 y: 4
x: 4 y: 4
x: 4 y: 5

1 0 0 1 1 1 
1 0 0 1 0 1 
1 1 1 1 0 1 
0 0 0 1 0 0 
1 0 0 0 1 1 
1 0 1 1 1 0 

x: 2 y: 2
x: 5 y: 0
x: 3 y: 1
x: 4 y: 0
x: 0 y: 2
x: 0 y: 4
x: 4 y: 4
x: 4 y: 5

1 0 0 1 1 1 
1 0 0 1 0 1 
1 1 1 1 0 1 
1 0 0 1 0 0 
1 0 0 0 1 1 
0 0 1 1 1 0 

x: 2 y: 2
x: 5 y: 0
x: 3 y: 1
x: 4 y: 0
x: 0 y: 2
x: 0 y: 3
x: 4 y: 4
x: 4 y: 5

1 0 0 1 1 1 
1 0 0 1 0 1 
1 1 1 1 0 1 
1 0 0 1 0 0 
1 1 1 0 0 0 
0 0 1 1 1 0 

x: 2 y: 2
x: 5 y: 0
x: 3 y: 1
x: 4 y: 0
x: 0 y: 2
x: 0 y: 3
x: 1 y: 4
x: 4 y: 5

1 0 0 1 1 0 
1 0 0 1 0 0 
1 1 1 1 0 0 
1 0 0 1 0 1 
1 1 1 0 0 1 
0 0 1 1 1 1 

x: 2 y: 2
x: 5 y: 3
x: 3 y: 1
x: 4 y: 0
x: 0 y: 2
x: 0 y: 3
x: 1 y: 4
x: 4 y: 5

1 0 0 1 1 0 
1 0 0 1 0 0 
1 1 1 1 0 0 
1 0 0 1 0 1 
1 1 1 0 0 1 
1 1 1 0 0 1 

x: 2 y: 2
x: 5 y: 3
x: 3 y: 1
x: 4 y: 0
x: 0 y: 2
x: 0 y: 3
x: 1 y: 4
x: 2 y: 5

1 0 0 1 1 0 
1 0 0 0 0 0 
1 1 1 0 0 0 
1 0 0 1 0 1 
1 1 1 1 0 1 
1 1 1 1 0 1 

x: 2 y: 2
x: 5 y: 3
x: 3 y: 3
x: 4 y: 0
x: 0 y: 2
x: 0 y: 3
x: 1 y: 4
x: 2 y: 5

1 0 0 1 1 0 
1 0 0 0 0 0 
1 0 0 0 1 1 
1 0 0 1 0 1 
1 1 1 1 0 1 
1 1 1 1 0 1 

x: 5 y: 2
x: 5 y: 3
x: 3 y: 3
x: 4 y: 0
x: 0 y: 2
x: 0 y: 3
x: 1 y: 4
x: 2 y: 5

Čas: 0:59:00 [hh:mm:ss]