2.685636281773389
2.1012153756087875
-2.8264321563899024
1.5470220438427615
-3.0809975608919244
1.7893710815709731
4.99201647563381
4.876657567721073
-1.49472343218218
-2.898615669083641
-2.4900246532451544
-1.3157354971625723
3.879318008617301
-1.6386342966306422
0.3684062636067815
1.2494984235058517
-1.255113018606466
3.613464115243902
2.48547657575807
4.142383564218312
2.196230375584123
-1.7081816544689767
5.654740456645706
4.010989422913133
5.290594093810733
1.9706029699222363
5.281172613035609
-0.736032620929628
5.171591654702659
-3.0187681116487375
-2.910843862598203
0.16730981134930056
3.466315086884838
5.659847557434904
5.359180790646952