4.485766486982463
-3.3182401494840073
-1.2488068808019293
0.5701595990142092
-6.817469505389101
2.7892225418539276
0.8869563449102564
1.6822011760601505
-2.160715508402216
-1.4148183313957876
1.6207045505823103
-0.851476361700759
4.479309056189798
-1.1049239766399435
-3.376133393396496
-1.6803629694901563
-6.168267242077937
2.8932377043660154
-3.5144590501941027
-1.2916837280319786
-3.45300897887698
-1.4908892018522746
4.843721416884989
-4.527332805417811
-2.9387754658594414
-5.172649052368268
-0.9074717023130825
-0.09749240443202023
-3.1213059604703415
-2.9618715942221963
3.20557195277666
3.2203064195078284
4.039409547931873
3.4529467371735922
-5.41513259780565
-2.9282172187914117
4.560100491742077
-2.4421292861864643
2.961000795590845
3.7521457506987446
3.728367733820013
-0.33536699055247965
-0.5245401542150514
-1.9561705212692777
0.18137671269699496
-5.844477788700205
-0.36826157110004054
-4.428837715851466
-3.8798478214435637
4.328171263668063
-6.460789868786958
0.6686546885805544
4.241458139026777