23.5877333200
23.5641708733
23.6117926282
23.8118806719
23.6666706576
23.8291852736
23.6646602592
23.5871076553
23.5525323516
23.6294681512
23.6439009570
23.9383141001
23.7726575589
23.8018084501
23.9516667436
23.8365487512
23.9063433576
23.6780804277
23.6728995606
23.8747313233
23.8541522392
23.9257180254
23.8904958605
23.6362012124
23.7664189192
23.8615471521
23.7787032323
23.8243205405
23.5997482616
23.5323618784
23.6140429731
23.7372128851
23.5472159101
23.9028937272
23.9701420162
23.7988987850
23.7745583512
23.6010852771
23.5184752725
23.9623500338
23.8682149936
23.9230048494
23.8455757119
23.5876187106
23.5140627544
23.9972868240
23.9550798514
23.9514174982
23.7476438352
23.6357396720
23.6763766191
23.6270969577
23.6478955735
23.6033777935
23.5623336459
23.8898840726
23.6006796634
23.7004840663
23.5921916298
23.5909852875
23.8261213123
23.5993987892
23.5737163573
23.6286352537
23.9579063186
23.6763939398
23.7281406453
23.5410165431
23.9438435642
23.6791071157
23.7730607939
23.5895990450
23.6961997291
23.5433674438
23.5966841748
23.9625020872
23.5483041556
23.9399896503
23.5343505289
23.5726180147
23.9476244921
23.7395055840
23.9421588991
23.9816327272
23.6215031799
23.6401067948
23.8684425418
23.8529974735
23.6635968613
23.9637128550
23.6403018965
23.8119809303
23.7197532970
23.7846057393
23.8672411026
23.7223818854
23.5235535679
23.7412382955
23.7705569278
23.7598797981
23.9752494123
23.8012486452
23.7362063989
23.6872617834
23.5276249202
23.5617430612
23.7940474998
23.7056290563
23.9061217403
23.9216362665
23.9256049580
23.8526315828
23.7425248791
23.9579234114
23.7853030615
23.5406506525
23.5227715821
23.6733176722
23.9180619589
23.8182687671
23.9992180141
23.9320793767
23.6475050311
23.5583889690
23.5239686018
23.6308307315
23.9112986322
23.8711271856
23.9963436816
23.5690876703
23.6172511324
23.6654981293
23.5902219412
23.6474514038
23.6916461744
23.8128665465
23.8476970622
23.6895279923
23.9063431129
23.7722158940
23.8249254801
23.5162103202
23.9882811540
23.9539471268
23.8257074660
23.5841309435
23.8407761228
23.8955581578
23.8017388642
23.9533002120
23.9294774906
23.5244309722
23.8053951826
23.8842125417
23.8122263582
23.8589328429
23.7151732414
23.7367611379
23.6205801838
23.5460662965
23.8674761792
23.5472331456
23.7142370709
23.7738504025
23.5425506991
23.5310228254
23.7259559170
23.8199032757
23.7168432331
23.9468918820
23.8851797942
23.9243451179
23.9151043689
23.9935916700
23.9557023036
23.8999141457
23.6097091863
23.6093791283
23.6434759454
23.5409813027
23.8945359450
23.8726179904
23.5228957616
23.9949150063
23.5270597658
23.8253848448
23.8086586907
23.7210646037
23.9845090667
23.7943620194
23.5827027737
23.9011613280
23.7676658336
23.8474701374
23.6975229795
23.9768162101
23.8525614646
23.8538784674
23.7418206759
23.5769020645
23.7428522783
23.7444993391
23.5983447305
23.5359207617
23.8483163334
23.8718813488
23.5754489690
23.5410057554
23.8212565676
23.5464965040
23.7667902783
23.8199411517
23.8367475009
23.7521344846
23.6840875046
23.9187798237
23.5690816674
23.9046643472
23.9865645251
23.9419636135
23.7165202027
23.5507858798
23.7447438492
23.8650615491
23.9736679244
23.8062865407
23.6463991186
23.8291407873
23.6253515910
23.9344051919
23.5709501497
23.7881350319
23.8040950234
23.8879086879
23.8041598714
23.9681938802
23.9673475225
23.6357742033
23.6200723668
23.5494140565
23.8982658551
23.7311098561
23.6335078417
23.6074504430
23.6817456524
23.6803239763
23.8887639925
23.7423888940
23.7080777280
23.8740374356
